4294967294,472
4294967278,292
4294967293,131
4294967293,130
4294967293,129
4294967293,128
4294967293,127
4294967293,126
4294967293,125
4294967293,124
4294967293,123
4294967293,122
4294967293,121
4294967293,120
4294967293,119
4294967293,118
4294967293,117
4294967293,116
4294967293,115
4294967293,114
4294967293,113
4294967293,112
4294967293,111
4294967293,110
4294967293,109
4294967293,108
4294967293,107
4294967293,106
4294967293,105
4294967293,104
4294967293,103
4294967293,102
4294967293,101
4294967293,100
4294967293,99
4294967293,98
4294967293,97
4294967293,96
4294967293,95
4294967293,94
4294967293,93
4294967293,92
4294967293,91
4294967293,90
4294967293,89
4294967293,88
4294967293,87
4294967293,86
4294967293,85
4294967293,84
4294967293,83
4294967293,82
4294967293,81
4294967293,80
4294967293,79
4294967293,78
4294967293,77
4294967293,76
4294967293,75
4294967293,74
4294967293,73
4294967293,72
4294967293,71
4294967293,70
4294967293,69
4294967293,68
4294967293,67
4294967293,66
4294967293,65
4294967293,64
4294967293,63
4294967293,62
4294967293,61
4294967293,60
4294967293,59
4294967293,58
4294967293,57
4294967293,56
4294967293,55
4294967293,54
4294967293,53
4294967293,52
4294967293,51
4294967293,50
4294967293,49
4294967293,48
4294967293,47
4294967293,46
4294967293,45
4294967293,44
4294967293,43
4294967293,42
4294967293,41
4294967293,40
4294967293,39
4294967293,38
4294967293,37
4294967293,36
4294967293,35
4294967293,34
4294967293,33
4294967293,32
4294967293,31
4294967293,30
4294967293,29
4294967293,28
4294967293,27
4294967293,26
4294967293,25
4294967293,24
4294967293,23
4294967293,22
4294967293,21
4294967293,20
4294967293,19
4294967293,18
4294967293,17
4294967293,16
4294967293,15
4294967293,14
4294967293,13
4294967293,12
4294967293,11
4294967293,10
4294967293,9
4294967293,8
4294967293,7
4294967293,6
4294967293,5
4294967293,4
4294967293,3
4294967293,2
4243767290,0
4243767289,0
4243767288,0
4243767287,0
4243767286,0
4243767285,0
4243767284,0
4243767283,0
4243767282,0
4243767281,0
4294967293,0
4294967279,143
4294967279,145
4294967279,30
4294967279,31
4294967279,32
4294967279,33
4294967279,292
4294967279,146
4294967279,147
4294967279,148
4294967279,149
4294967279,34
4294967279,35
4294967279,36
4294967279,37
4294967279,294
4294967279,293
4294967279,295
4294967279,150
4294967279,152
4294967279,151
4294967279,153
4294967279,38
4294967279,39
4294967279,40
4294967279,41
4294967279,154
4294967279,155
4294967279,158
4294967279,156
4294967279,42
4294967279,43
4294967279,157
4294967279,44
4294967279,160
4294967279,159
4294967279,45
4294967279,161
4294967279,46
4294967279,47
4294967279,162
4294967279,48
4294967279,49
4294967279,163
4294967279,164
4294967279,165
4294967279,50
4294967279,51
4294967279,166
4294967279,52
4294967279,167
4294967279,168
4294967279,53
4294967279,169
4294967279,54
4294967279,55
4294967279,170
4294967279,56
4294967279,171
4294967279,172
4294967279,57
4294967279,173
4294967279,58
4294967279,59
4294967279,175
4294967279,176
4294967279,60
4294967279,177
4294967279,61
4294967279,62
4294967279,178
4294967279,63
4294967279,179
4294967279,180
4294967279,64
4294967279,181
4294967279,65
4294967279,66
4294967279,182
4294967279,67
4294967279,184
4294967279,183
4294967279,68
4294967279,69
4294967279,185
4294967279,186
4294967279,70
4294967279,71
4294967279,72
4294967279,187
4294967279,188
4294967279,190
4294967279,189
4294967279,73
4294967279,74
4294967279,75
4294967279,191
4294967279,76
4294967279,192
4294967279,193
4294967279,77
4294967279,78
4294967279,194
4294967279,79
4294967279,195
4294967279,196
4294967279,80
4294967279,197
4294967279,81
4294967279,82
4294967279,198
4294967279,83
4294967279,199
4294967279,200
4294967279,84
4294967279,85
4294967279,201
4294967279,202
4294967279,86
4294967279,203
4294967279,87
4294967279,89
4294967279,204
4294967279,90
4294967279,205
4294967279,206
4294967279,91
4294967279,92
4294967279,208
4294967279,207
4294967279,93
4294967279,94
4294967279,209
4294967279,95
4294967279,210
4294967279,211
4294967279,212
4294967279,96
4294967279,97
4294967279,98
4294967279,99
4294967279,213
4294967279,280
4294967279,214
4294967279,100
4294967279,215
4294967279,217
4294967279,101
4294967279,219
4294967279,216
4294967279,102
4294967279,221
4294967279,218
4294967279,103
4294967279,223
4294967279,104
4294967279,220
4294967279,222
4294967279,225
4294967279,227
4294967279,105
4294967279,106
4294967279,224
4294967279,229
4294967279,226
4294967279,107
4294967279,231
4294967279,228
4294967279,108
4294967279,233
4294967279,230
4294967279,235
4294967279,109
4294967279,110
4294967279,232
4294967279,234
4294967279,239
4294967279,236
4294967279,111
4294967279,112
4294967279,237
4294967279,238
4294967279,113
4294967279,114
4294967279,241
4294967279,115
4294967279,243
4294967279,245
4294967279,247
4294967279,240
4294967279,242
4294967279,244
4294967279,116
4294967279,246
4294967279,117
4294967279,118
4294967279,251
4294967279,119
4294967279,248
4294967279,253
4294967279,250
4294967279,249
4294967279,120
4294967279,252
4294967279,121
4294967279,122
4294967279,254
4294967279,123
4294967279,255
4294967279,256
4294967279,124
4294967279,125
4294967279,126
4294967279,127
4294967279,128
4294967278,286
4294967279,129
4294967279,257
4294967279,130
4294967278,257
4294967278,291
4294967279,131
4294967279,132
4294967278,4
4294967278,5
4294967278,278
4294967278,258
4294967278,261
4294967278,259
4294967278,6
4294967278,262
4294967278,7
4294967278,8
4294967278,9
4294967278,279
4294967278,281
4294967278,263
4294967278,264
4294967278,280
4294967278,265
4294967278,10
4294967278,11
4294967278,12
4294967278,13
4294967278,283
4294967278,282
4294967278,266
4294967278,267
4294967278,269
4294967278,268
4294967278,14
4294967278,15
4294967278,16
4294967278,17
4294967278,273
4294967278,284
4294967278,274
4294967278,270
4294967278,271
4294967278,272
4294967278,133
4294967278,18
4294967278,19
4294967278,20
4294967278,275
4294967278,21
4294967278,134
4294967278,276
4294967278,135
4294967278,136
4294967278,22
4294967278,137
4294967278,23
4294967278,24
4294967278,277
4294967278,25
4294967278,138
4294967278,139
4294967278,140
4294967278,285
4294967278,26
4294967278,27
4294967278,28
4294967278,141
4294967278,142
4294967278,144
4294967278,143
4294967278,29
4294967278,30
4294967278,31
4294967278,32
4294967278,287
4294967278,145
4294967278,146
4294967278,147
4294967278,148
4294967278,33
4294967278,34
4294967278,35
4294967278,36
4294967278,149
4294967278,288
4294967278,290
4294967278,289
4294967279,144
4294967279,142
4294967279,291
4294967279,28
4294967279,27
4294967279,26
4294967279,290
4294967279,138
4294967279,278
4294967279,136
4294967279,279
4294967279,135
4294967279,133
4294967279,276
4294967279,20
4294967279,283
4294967279,19
4294967279,134
4294967279,274
4294967279,16
4294967279,273
4294967279,15
4294967279,271
4294967279,289
4294967279,13
4294967279,269
4294967279,11
4294967279,268
4294967279,267
4294967279,287
4294967294,29
4294967294,395
4294967294,396
4294967294,971
4294967294,37
4294967294,38
4294967294,40
4294967294,42
4294967294,43
4294967294,114
4294967294,115
4294967294,44
4294967294,390
4294967294,45
4294967294,393
4294967294,439
4294967294,48
4294967294,51
4294967294,387
4294967294,52
4294967294,53
4294967294,74
4294967294,75
4294967294,77
4294967294,79
4294967294,80
4294967294,1028
4294967294,969
4294967294,1029
4294967294,980
4294967294,1035
4294967294,83
4294967294,1419
4294967294,85
4294967294,86
4294967294,88
4294967294,91
4294967294,92
4294967294,98
4294967294,99
4294967294,101
4294967294,103
4294967294,104
4294967294,106
4294967294,107
4294967294,167
4294967294,108
4294967294,162
4294967294,111
4294967294,112
4294967294,388
4294967294,116
4294967294,119
4294967294,405
4294967294,180
4294967294,1018
4294967294,407
4294967294,413
4294967294,389
4294967294,185
4294967294,1032
4294967294,1024
4294967294,1420
4294967294,5
4294967294,126
4294967294,20
4294967294,127
4294967278,260
4294967294,13
4294967294,422
4294967294,599
4294967294,426
4294967294,435
4294967294,456
4294967294,600
4294967294,601
4294967294,466
4294967294,1033
4294967294,189
4294967294,163
4294967294,183
4294967294,467
4294967294,469
4294967294,170
4294967294,171
4294967294,173
4294967294,174
4294967294,1034
4294967294,1037
4294967294,176
4294967294,182
4294967294,181
4294967294,188
4294967294,59
4294967294,8
4294967294,471
4294967294,50
4294967294,455
4294967294,7
4294967294,453
4294967294,427
4294967294,424
4294967294,444
4294967294,446
4294967294,585
4294967294,457
4294967294,603
4294967294,429
4294967294,431
4294967294,159
4294967294,433
4294967294,582
4294967294,578
4294967294,1178
4294967294,1197
4294967294,1189
4294967294,1214
4294967294,1023
4294967294,1207
4294967294,580
4294967294,1210
4294967294,1202
4294967294,1198
4294967294,1212
4294967294,577
4294967294,1496
4294967294,1371
4294967294,1259
4294967294,1367
4294967294,1406
4294967294,434
4294967294,588
4294967294,589
4294967294,31
4294967294,32
4294967294,34
4294967294,35
4294967294,22
4294967294,23
5,4
6,37
5,6
6,1
5,1
6,498
5,10
6,519
5,14
6,139
6,411
5,17
6,389
6,87
6,463
6,259
5,23
6,468
6,146
6,443
5,32
6,246
5,34
5,37
6,438
6,228
5,41
6,362
6,662
6,714
6,691
6,209
5,42
5,43
5,49
5,53
4,317
5,54
4,1810
4,891
4,1695
5,59
4,1330
5,61
5,63
4,447
4,99
5,66
4,967
5,69
4,174
5,192
4,1060
4,436
5,193
4,1413
5,194
6,598
6,148
5,195
6,485
5,196
6,453
6,621
4,1106
6,263
5,198
6,19
5,199
6,432
4,553
6,198
4,1158
6,623
4,290
5,202
6,699
6,132
4,557
4,1298
4,697
6,559
6,289
4,153
6,536
6,88
4,1306
6,558
4,1353
5,208
6,273
5,209
4,1435
6,496
5,210
4,977
6,504
4,461
6,255
6,473
5,212
6,32
5,213
4,70
6,407
5,215
4,588
5,216
4,1660
4,1175
5,217
4,1794
5,218
4,356
4,1584
6,248
5,219
5,220
6,436
5,221
6,124
6,602
5,222
6,361
4,1784
4,694
6,704
4,1053
6,335
6,440
4,1751
4,110
6,205
4,1254
5,228
4,735
6,601
4,1437
6,311
4,366
5,231
4,1309
5,232
5,233
6,12
6,713
4,692
6,386
5,235
6,708
6,206
5,236
5,237
6,721
5,238
6,346
4,1125
5,239
6,119
5,240
6,415
4,25
6,232
4,1778
6,424
6,83
4,532
4,1655
5,244
4,952
4,225
6,233
6,467
4,1705
4,822
6,135
5,248
6,471
5,249
4,1386
5,250
6,441
5,251
4,126
5,252
4,1725
5,253
4,1093
5,254
5,255
6,494
5,320
6,236
5,321
4,254
5,322
6,470
5,323
5,324
6,266
5,325
6,497
5,326
6,91
5,327
6,505
4,74
5,329
6,280
4,1690
6,511
5,332
4,840
5,333
6,513
5,334
4,1511
6,548
5,336
6,276
5,337
4,232
5,338
4,1709
5,339
6,427
5,340
5,341
6,253
5,342
6,517
5,343
6,144
5,344
4,800
4,323
5,346
4,112
6,450
4,1471
5,348
4,659
5,350
4,1050
5,351
4,328
5,352
5,353
4,1350
4,594
5,355
6,140
4,1213
6,514
6,250
5,358
6,507
4,1107
4,615
6,34
4,1635
4,360
6,637
4,1198
5,363
5,364
4,639
5,365
5,366
6,180
6,515
6,370
5,368
6,163
5,369
5,370
4,1208
5,371
5,372
6,466
5,373
4,1217
5,374
6,560
5,375
5,376
4,1216
4,18
6,574
4,1629
6,286
4,647
5,380
5,381
4,1073
4,333
6,490
4,1791
6,260
6,452
6,630
4,816
4,1515
4,596
4,189
4,1236
6,674
6,149
4,1136
4,310
6,578
6,283
6,569
4,1008
6,161
4,84
4,1376
6,336
6,631
6,35
4,1284
6,481
4,737
5,450
6,267
5,451
6,538
5,452
4,1114
6,487
5,454
3,5
5,455
3,1
6,251
4,912
3,284
6,474
5,458
3,140
4,1673
6,94
4,935
6,552
3,271
4,464
3,144
4,922
5,463
3,92
4,1818
5,464
6,419
5,465
3,66
4,247
5,466
5,467
6,565
3,133
4,435
5,469
3,265
4,1672
5,470
3,23
6,832
4,1414
3,65
5,472
3,287
5,473
6,562
5,474
3,162
5,475
4,26
5,476
6,545
3,101
5,477
4,1461
5,478
4,796
6,527
3,168
4,1595
3,68
5,481
4,426
5,482
6,644
4,986
6,96
4,238
5,484
5,485
4,1802
4,944
3,99
6,282
3,175
4,486
5,488
4,1984
6,525
4,943
3,300
4,125
3,156
5,491
6,271
3,275
4,706
6,493
5,493
4,1278
6,64
4,1700
5,495
3,155
5,496
5,497
3,267
6,264
4,1643
3,95
5,499
6,138
3,295
4,246
3,35
4,1094
6,402
5,502
6,256
5,503
6,390
4,1013
3,312
6,734
5,505
4,1071
6,92
3,310
4,544
3,11
4,963
6,510
3,221
4,312
3,125
5,510
4,1206
5,511
4,575
6,489
4,1290
6,261
3,245
4,1037
6,501
4,161
4,1593
3,79
6,686
6,355
4,1577
4,969
3,262
3,143
4,283
6,114
3,259
4,960
6,414
3,249
6,210
6,413
3,135
3,233
6,74
4,98
6,223
4,1126
6,387
4,527
4,1703
6,716
4,1028
6,211
5,580
6,694
4,287
6,359
4,1104
6,608
5,584
4,539
5,585
6,464
5,586
6,36
5,587
6,544
4,1157
3,14
4,517
3,217
5,590
4,1143
6,532
4,802
6,304
3,227
4,265
5,593
5,594
4,1266
6,309
5,595
3,309
5,596
4,1483
6,164
5,597
5,598
3,258
6,22
3,25
4,88
6,526
3,253
5,601
6,249
5,602
6,472
3,260
4,1561
6,127
5,604
3,200
5,605
6,454
5,606
4,782
5,607
3,114
6,737
5,608
3,26
6,442
4,1043
3,243
4,640
6,345
3,132
4,1147
3,224
5,613
6,735
5,614
4,1142
3,82
6,218
3,194
5,616
3,193
5,617
3,112
5,618
6,363
3,7
5,619
4,643
5,620
6,666
5,621
3,121
4,1101
5,622
3,231
4,1095
6,216
5,624
4,498
5,625
4,1769
6,379
3,158
4,866
5,627
3,277
3,18
4,1410
5,629
3,255
4,293
6,488
5,631
4,1222
5,632
4,628
5,633
3,78
5,634
3,190
4,11
6,227
4,1650
5,636
4,897
5,637
6,396
4,940
